[gd_scene load_steps=3 format=3 uid="uid://ydpsqw4ipgq4"]

[ext_resource type="ArrayMesh" uid="uid://byelcusaemfw1" path="res://Mesh/npc.mesh" id="1_acqhf"]

[sub_resource type="Skin" id="Skin_eut3d"]
resource_name = "Skin"
bind_count = 20
bind/0/name = &"Torso"
bind/0/bone = -1
bind/0/pose = Transform3D(0.99968344, 0.025161935, 5.7288315e-05, -0.025161887, 0.99968296, -0.0007941385, -7.725022e-05, 0.0007926077, 0.9999996, -0.092827864, -3.9550345, -0.024272623)
bind/1/name = &"Left Shoulder"
bind/1/bone = -1
bind/1/pose = Transform3D(0.99950457, 0.030781494, 0.0065741157, 1.2927221e-05, -0.20926446, 0.97785896, 0.031475693, -0.9773744, -0.20916134, -0.12535258, 1.1867831, 5.638633)
bind/2/name = &"L Upperarm"
bind/2/bone = -1
bind/2/pose = Transform3D(0.98725796, -0.15181853, -0.047676995, -0.05508048, -0.6071202, 0.7926985, -0.14929204, -0.77997184, -0.6077466, 0.9345652, 3.0478547, 4.7060857)
bind/3/name = &"L Forearm"
bind/3/bone = -1
bind/3/pose = Transform3D(0.95820975, -0.19423445, -0.21001776, 0.04182259, -0.631149, 0.77453303, -0.28299358, -0.7509485, -0.5966498, 1.3896785, 1.8518343, 4.531303)
bind/4/name = &"L Hand"
bind/4/bone = -1
bind/4/pose = Transform3D(0.9984289, 0.055114586, -0.01013205, 0.042794667, -0.63317287, 0.77282614, 0.03617866, -0.7720457, -0.6345368, -0.12340615, 0.62110984, 4.7363706)
bind/5/name = &"R Shoulder"
bind/5/bone = -1
bind/5/pose = Transform3D(0.99987894, 0.015499778, 0.0014347347, 0.0049271514, -0.22771515, -0.97371525, -0.014765667, 0.9736044, -0.22776364, -0.0371592, 1.3318231, -5.607425)
bind/6/name = &"R Upper Arm"
bind/6/bone = -1
bind/6/pose = Transform3D(0.99604833, -0.08409886, -0.028554369, -0.0789247, -0.69070446, -0.7188175, 0.040729105, 0.7182303, -0.694612, 0.50857115, 3.5170286, -4.407176)
bind/7/name = &"R Forearm"
bind/7/bone = -1
bind/7/pose = Transform3D(0.99877715, 0.0378378, 0.03182363, 0.048039217, -0.5904951, -0.8056103, -0.011690832, 0.80615366, -0.59159017, 0.009314883, 1.7083018, -4.691857)
bind/8/name = &"R Hand"
bind/8/bone = -1
bind/8/pose = Transform3D(0.9960861, 0.04809024, 0.07416037, 0.082481146, -0.80730814, -0.5843379, 0.03176932, 0.58816737, -0.8081146, 0.06814326, 1.9027996, -4.316085)
bind/9/name = &"neck"
bind/9/bone = -1
bind/9/pose = Transform3D(0.99747896, -0.070865825, 0.0036930093, 0.070858434, 0.99748397, 0.002095926, -0.0038322462, -0.0018287993, 0.9999909, 0.46041897, -5.745108, -0.009360618)
bind/10/name = &"head"
bind/10/bone = -1
bind/10/pose = Transform3D(0.99918294, -0.040268946, 0.0034532486, 0.040352482, 0.9987625, -0.029067367, -0.0022784618, 0.029183123, 0.99957144, 0.2687211, -6.257333, -0.20365806)
bind/11/name = &"R Hip"
bind/11/bone = -1
bind/11/pose = Transform3D(-0.9999932, 0.0030045023, 0.0021383662, 0.002395811, 0.0884868, 0.99607456, 0.0028042844, 0.99605745, -0.08849063, -0.010721283, -0.38082206, -4.0478506)
bind/12/name = &"L Thigh"
bind/12/bone = -1
bind/12/pose = Transform3D(-0.9368247, -0.023078827, 0.349037, 0.03955536, -0.998395, 0.04014821, 0.34755552, 0.05142144, 0.93624854, -0.05920416, 4.0789847, -0.63120425)
bind/13/name = &"L Calf"
bind/13/bone = -1
bind/13/pose = Transform3D(-0.94740826, 0.13594998, 0.289715, -0.12598635, -0.990607, 0.0528663, 0.29418534, 0.013589789, 0.9556518, -0.40342087, 2.3218806, -0.54805917)
bind/14/name = &"L Foot"
bind/14/bone = -1
bind/14/pose = Transform3D(-0.5615235, -0.8262256, 0.04496648, 0.8268452, -0.5581717, 0.06899864, -0.031909876, 0.07592763, 0.9966028, 0.22234058, 0.33756167, -0.656955)
bind/15/name = &"L Hip"
bind/15/bone = -1
bind/15/pose = Transform3D(0.98591536, -0.0068892706, 0.16710299, 0.16648768, 0.13540222, -0.9767027, -0.015897349, 0.9907667, 0.13464211, 0.022960288, -0.5301234, -4.031028)
bind/16/name = &"R Thigh"
bind/16/bone = -1
bind/16/pose = Transform3D(0.9798167, -0.028373014, 0.19787417, -0.033736534, -0.99914753, 0.023786785, 0.19703062, -0.029982165, -0.9799387, 0.12531178, 4.1374044, -0.31161475)
bind/17/name = &"R Calf"
bind/17/bone = -1
bind/17/pose = Transform3D(0.97790086, -0.11616162, 0.17382863, -0.10212543, -0.99090225, -0.08765128, 0.18242891, 0.06796206, -0.9808674, 0.3226664, 2.300077, -0.54221684)
bind/18/name = &"R Foot"
bind/18/bone = -1
bind/18/pose = Transform3D(0.4994737, 0.8638107, -0.06600629, 0.86430407, -0.5020641, -0.030167684, -0.05919858, -0.041981425, -0.997363, -0.2800749, 0.33718103, -0.5533309)
bind/19/name = &"neutral_bone"
bind/19/bone = -1
bind/19/pose = Transform3D(1, 0, 0, 0, 0, -1, 0, 1, 0, 0.02823025, 0.037068814, -3.9053087)

[node name="npc" type="MeshInstance3D"]
transform = Transform3D(0.2, 0, 0, 0, 0.2, 0, 0, 0, 0.2, 0, 0, 0)
mesh = ExtResource("1_acqhf")
skin = SubResource("Skin_eut3d")
